90.19
94.36
91.24
90.04
92.87
90.00
92.38
92.22
89.22
85.05
82.72
92.30
91.65
90.53
88.67
84.59
78.23
87.37
89.82
81.73
87.43
96.00
83.57
78.89
84.04
90.33
80.68
71.39
85.25
89.69
79.58
89.31
85.57
80.91
85.41
83.88
83.86
85.88
74.94
74.93
83.31
74.10
77.56
68.40
77.27
74.11
79.89
73.23
65.98
80.20
75.55
69.31
77.80
82.89
70.82
71.00
72.19
80.67
72.12
77.59
81.82
91.12
89.14
80.75
79.96
86.20
88.95
89.75
92.83
82.28
84.28
80.26
87.82
86.55
83.82
84.57
86.71
79.19
85.02
80.88
81.71
76.70
78.56
72.52
85.23
73.04
70.25
72.70
65.76
56.65
40.79
29.57
35.23
36.09
24.25
21.41
24.68
47.85
24.43
37.47
28.69
44.11
47.02
39.37
57.74
68.28
37.95
32.15
34.76
21.24
14.04
15.42
20.45
13.30
20.83
14.06
12.85
12.84
14.81
17.23
16.24
22.25
33.88
30.19
18.39
19.56
16.05
20.48
15.66
22.13
20.43
15.84
16.84
18.64
17.58
21.29
17.02
19.20
24.80
20.00
16.11
17.61
21.55
18.58
18.25
17.77
18.96
27.89
26.72
23.99
22.00
18.16
25.26
20.81
19.79
20.27
17.75
21.33
65.97
65.83
26.60
18.56
17.65
21.40
17.00
15.22
15.43
16.50
18.73
12.89
16.77
15.31
15.71
17.86
16.86
18.37
14.32
16.04
14.83
15.38
17.62
16.04
16.45
14.64
15.72
15.22
17.26
16.22
16.42
13.92
14.40
13.76
15.93
24.04
19.50
22.34
22.43
21.98
20.84
25.75
20.27
20.21
16.49
24.02
28.96
25.08
19.76
26.19
18.41
18.69
19.01
20.47
21.69
21.14
26.77
36.14
24.57
21.16
24.13
23.10
22.70
22.09
21.34
22.38
25.26
20.75
17.10
17.66
21.28
18.05
20.19
21.19
30.32
79.59
71.30
77.69
72.41
80.18
78.57
77.96
78.08
78.19
71.51
74.90
64.25
59.07
38.35
35.12
28.31
27.03
22.18
27.95
28.15
28.79
36.47
27.27
36.81
36.48
32.05
53.03
29.84
29.70
38.86
55.87
76.36
88.04
79.75
83.45
82.44
89.69
85.08
86.84
86.68
82.92
92.96
89.19
84.70
88.34
86.29
87.61
91.55
87.81
85.67
90.53
92.01
94.27
83.92
94.98
95.61
90.33
95.02
99.12
91.08
94.42
95.12
90.08
89.38
90.62
91.43
89.74
86.81
96.03
88.64
93.90
87.51
83.66
96.03
76.37
90.16
88.00
80.94
86.30
87.88
88.61
87.08
80.82
82.11
86.50
77.11
79.36
71.69
73.66
94.90
76.96
79.26
81.39
69.64
65.48
82.11
70.28
73.68
74.13
73.27
67.39
65.14
89.09
83.19
65.70
71.13
58.67
70.80
79.45
69.47
70.81
73.87
79.17
80.11
76.87
74.46
83.23
82.74
86.94
84.95
84.02
88.12
82.27
85.71
83.61
95.10
87.58
84.93
83.56
85.95
89.81
90.94
83.94
76.82
84.60
79.33
74.54
39.91
16.64
50.45
63.32
70.01
59.78
51.63
66.26
46.20
36.63
22.24
25.49
21.10
24.91
30.33
14.49
29.19
27.65
33.24
32.99
37.85
33.42
34.49
32.09
50.52
28.67
58.21
38.80
16.32
14.78
13.08
25.70
15.35
18.19
17.80
18.52
18.47
16.86
19.58
21.41
21.43
22.39
18.79
17.60
24.25
21.98
19.10
21.53
15.35
16.60
17.45
18.33
14.95
17.88
16.88
18.00
20.32
16.92
16.57
16.01
30.10
32.77
21.62
21.05
20.16
16.30
24.97
18.65
21.68
37.60
27.90
21.95
26.89
24.33
34.08
45.01
62.75
43.34
29.81
22.28
20.14
19.62
18.82
18.20
16.20
17.15
14.06
18.76
18.07
16.05
22.05
18.35
14.16
19.92
19.67
15.14
26.33
21.82
17.29
19.50
15.00
21.59
22.95
12.87
23.10
15.21
13.04
13.91
15.78
14.98
19.51
23.94
23.48
21.20
20.01
18.26
21.59
21.02
20.73
19.83
22.77
24.90
26.76
19.18
21.47
23.98
21.01
20.76
21.68
20.25
24.15
16.62
21.03
26.97
20.99
23.88
21.37
20.14
21.98
19.05
21.64
25.58
21.52
20.67
20.05
21.81
23.75
18.20
23.39
44.91
76.58
76.89
73.54
68.25
73.40
76.68
74.19
80.95
73.95
78.06
54.27
53.71
46.32
70.43
71.11
66.64
49.19
34.65
20.83
25.47
25.24
42.74
39.57
37.46
24.32
23.91
75.12
84.12
76.55
66.66
39.72
29.55
37.72
75.72
71.57
77.15
78.55
80.48
84.09
81.42
84.97
85.67
86.06
87.00
88.72
78.95
85.40
83.03
88.47
84.20
83.94
86.09
96.13
87.90
90.66
89.92
90.96
89.00
87.89
90.62
86.98
91.29
94.78
91.22
92.27
87.52
80.36
80.04
85.33
82.94
81.01
87.18
89.88
89.85
81.96
78.12
91.30
81.33
79.30
80.10
83.14
87.40
83.99
86.59
93.88
72.47
94.15
76.96
83.16
85.78
88.76
77.70
79.34
91.23
74.08
75.87
77.38
86.10
72.73
80.52
82.02
81.07
77.96
85.59
71.04
78.65
74.18
74.68
73.49
62.45
78.64
79.98
80.77
71.42
77.45
67.91
66.89
72.65
71.41
70.85
78.92
72.60
75.59
76.24
79.26
78.30
73.51
79.23
79.70
79.87
72.18
75.80
75.39
72.37
68.92
59.71
64.48
66.94
60.46
56.70
63.65
59.18
62.46
53.24
48.07
50.77
65.59
68.87
56.46
50.73
26.26
30.32
22.93
24.13
26.55
26.55
33.00
41.33
30.00
19.92
22.58
32.51
22.79
25.00
25.27
18.04
17.90
16.49
26.35
17.23
22.50
14.62
14.74
34.71
14.36
14.99
15.23
17.18
17.89
23.88
17.56
55.77
16.66
16.89
17.90
17.64
16.62
15.54
13.92
19.00
19.05
15.02
16.57
17.28
14.88
15.99
16.54
20.23
17.09
17.37
22.22
19.12
15.56
17.21
17.14
21.03
19.87
17.31
17.56
19.33
22.79
24.24
17.33
17.52
18.93
16.35
18.12
16.68
18.03
23.29
21.84
17.96
19.52
18.03
18.09
19.08
15.69
16.65
22.25
17.36
15.76
19.21
14.91
15.89
47.12
17.70
16.24
16.26
15.23
16.39
17.70
16.77
15.18
16.15
16.56
19.60
15.54
17.40
17.18
15.79
18.44
12.43
14.19
16.35
21.42
14.04
14.37
14.24
13.92
22.14
17.27
16.68
13.77
16.58
17.40
15.69
15.26
11.99
16.46
16.61
15.33
10.84
16.18
18.03
17.44
15.48
17.01
20.59
14.79
16.63
13.85
13.95
14.74
17.17
29.11
16.09
23.16
36.90
39.44
51.47
52.82
49.73
49.59
48.76
51.82
50.97
50.27
50.49
48.66
29.57
32.12
18.77
20.18
27.86
24.40
18.90
34.53
34.64
22.36
29.27
26.16
17.46
18.43
26.63
17.43
22.49
24.54
33.32
25.90
32.87
29.28
50.97
52.54
50.32
56.71
51.62
55.19
51.31
59.16
58.33
54.07
58.80
63.63
64.70
63.47
59.84
70.18
71.26
63.86
73.77
66.72
70.51
68.26
97.98
70.89
55.18
68.71
71.09
70.11
56.35
59.12
68.08
73.27
59.03
81.21
68.26
67.24
65.94
65.79
53.46
74.76
70.50
68.09
62.68
59.23
60.72
65.73
61.31
70.69
86.53
62.70
65.15
65.46
71.28
74.26
68.30
55.06
76.70
55.12
67.34
55.04
69.44
52.77
61.05
57.16
57.14
53.43
48.49
65.78
68.28
74.46
63.54
76.26
68.32
60.54
75.47
62.40
68.71
63.61
72.45
78.19
77.35
83.04
64.57
77.20
73.67
66.83
78.10
80.92
75.99
73.92
77.80
71.45
80.82
88.34
78.11
77.95
72.50
59.05
66.92
58.87
70.53
52.70
42.19
57.55
26.10
42.49
37.62
23.62
29.34
25.25
24.30
29.91
19.97
23.84
20.49
17.17
24.97
26.92
30.14
21.01
18.05
25.22
29.61
16.99
30.76
21.51
26.94
30.98
16.65
26.02
25.37
44.84
46.50
25.78
20.73
31.95
47.17
48.03
26.93
28.69
26.85
34.59
23.83
22.32
27.11
22.33
37.78
48.03
40.75
34.18
27.97
18.96
35.96
21.60
19.65
17.91
16.86
16.73
18.15
27.97
22.07
19.43
17.12
13.24
15.89
14.90
14.63
23.97
16.84
21.23
18.09
18.82
25.81
23.14
18.27
20.06
26.19
44.67
47.93
46.32
17.31
19.28
16.16
19.32
17.28
20.59
17.58
17.53
15.49
19.01
13.47
15.65
17.83
13.93
16.79
19.90
19.21
17.98
22.03
17.48
19.19
16.77
17.32
17.18
15.78
17.27
16.96
13.38
16.14
15.49
18.40
15.35
15.54
15.92
16.10
14.54
13.40
17.14
14.82
10.99
11.00
11.39
16.18
16.89
13.76
15.56
15.97
13.64
13.75
15.57
15.96
13.24
13.94
15.72
14.70
14.03
14.69
15.58
13.97
13.80
14.01
17.02
16.34
12.80
15.94
16.61
15.30
15.78
18.88
16.13
16.33
14.92
15.09
18.81
20.76
52.85
49.34
48.78
56.77
53.49
64.08
66.24
56.09
53.86
48.40
51.38
37.10
25.76
21.79
26.66
45.37
24.08
30.92
35.60
23.52
38.91
25.02
45.51
52.45
50.15
56.87
44.88
50.80
52.40
48.90
47.42
44.89
47.84
47.89
58.19
53.59
62.38
70.41
55.09
60.42
66.89
70.69
61.65
66.70
69.58
69.56
78.73
72.51
75.33
76.69
79.88
66.38
75.90
74.08
76.48
80.74
74.98
64.68
73.27
68.88
64.14
89.51
77.02
60.78
77.66
80.35
58.86
76.67
72.07
68.56
67.41
67.02
75.13
61.74
74.63
62.66
80.52
73.94
80.51
66.09
61.69
61.84
73.96
72.93
73.42
71.10
65.44
73.19
62.08
60.30
61.88
51.26
59.53
61.95
67.25
59.17
48.40
60.64
52.29
71.27
61.90
74.41
82.14
78.17
53.90
67.45
56.34
69.42
67.27
70.13
62.57
63.00
68.25
73.56
66.75
75.53
66.16
73.44
58.81
71.30
61.83
70.38
61.22
79.10
73.27
68.26
79.97
79.56
77.90
72.94
80.30
75.07
66.50
71.73
80.61
73.49
76.52
81.99
72.09
78.78
75.32
75.48
66.62
68.25
68.49
71.38
72.60
73.57
68.98
70.75
59.55
51.02
35.12
44.84
44.37
49.96
41.45
44.76
44.12
39.16
51.40
43.09
32.32
53.64
41.75
50.62
41.51
38.13
27.70
24.08
27.33
25.95
34.52
26.21
21.90
31.56
30.51
33.62
29.33
35.02
22.02
25.07
25.98
53.16
53.56
43.96
37.20
30.96
33.19
55.58
63.95
41.97
22.84
30.76
33.39
38.77
51.81
42.82
33.09
53.21
62.60
60.04
58.43
70.49
56.40
64.23
64.36
70.12
64.01
63.47
58.03
64.20
63.93
66.61
56.86
47.88
64.30
51.73
46.16
41.70
39.26
20.73
22.00
23.08
26.17
20.96
34.19
28.86
36.41
42.60
31.44
39.19
31.32
24.88
16.92
21.55
33.77
35.53
51.24
47.36
57.84
21.27
26.73
46.18
55.26
53.56
34.89
54.20
44.40
52.23
49.12
34.25
25.73
23.55
40.28
45.97
52.90
49.67
37.26
38.26
20.90
19.72
22.99
21.09
41.52
42.60
36.47
28.44
43.29
25.32
33.53
42.15
58.41
61.97
53.24
55.63
59.04
56.44
51.01
56.90
59.27
59.30
56.31
58.45
61.88
62.88
61.69
63.88
58.75
60.78
61.89
57.98
51.98
56.23
54.74
59.54
61.24
61.68
63.43
56.53
59.68
53.42
56.44
50.15
50.89
51.97
52.85
56.66
54.53
53.50
52.98
48.00
58.48
51.05
52.01
54.94
55.50
55.82
51.60
60.33
49.91
53.51
53.54
51.67
55.14
50.41
61.50
69.13
58.93
72.98
66.01
74.35
71.65
70.72
65.42
54.20
67.53
57.59
66.85
79.53
79.79
60.54
73.99
85.76
69.05
64.13
69.75
58.62
65.15
80.10
62.05
59.72
69.71
85.97
85.87
61.20
63.35
73.51
73.90
65.89
63.21
74.22
69.37
70.52
77.00
68.60
60.88
61.98
67.63
59.45
62.24
62.06
70.75
72.47
70.69
55.37
61.66
88.14
67.28
74.02
65.51
60.98
68.49
71.87
67.37
71.45
60.80
70.14
65.13
75.43
68.56
61.15
60.43
57.38
87.10
69.06
60.20
64.93
69.05
72.22
72.77
72.30
75.59
61.02
61.87
73.56
81.06
85.49
71.31
80.66
81.09
89.77
79.50
73.85
78.42
87.20
78.14
78.98
79.34
82.85
74.78
74.17
82.09
81.07
73.34
79.14
82.26
74.25
81.07
75.70
74.90
73.17
73.07
80.65
72.58
74.97
73.86
70.99
66.08
70.36
73.92
69.63
71.83
64.20
69.22
68.17
70.77
65.09
69.25
54.48
60.34
65.39
53.55
61.45
55.59
56.00
58.22
50.92
53.31
51.98
41.86
38.38
34.37
47.76
41.81
46.62
41.01
41.58
45.12
45.29
47.39
45.56
43.41
24.59
28.12
40.67
35.41
43.00
52.46
42.61
49.72
47.24
51.80
49.88
53.07
51.55
47.33
54.19
56.64
51.82
54.75
56.85
55.94
60.30
61.14
47.89
60.37
63.96
60.40
50.09
61.61
49.94
61.19
59.97
65.05
41.29
42.68
40.82
26.88
50.85
21.26
26.04
33.48
26.33
37.09
32.77
19.51
27.64
38.18
24.91
35.37
30.55
27.81
29.72
18.96
42.04
24.86
26.02
24.23
35.15
34.16
45.17
48.00
51.94
51.95
49.59
49.15
51.59
48.93
48.98
51.23
31.76
33.28
37.44
54.86
52.00
28.97
52.51
51.34
39.00
46.91
53.68
56.77
57.35
43.68
59.55
57.61
59.54
63.50
64.42
62.75
67.22
64.40
61.89
52.03
62.82
66.25
62.19
65.58
62.24
67.30
61.94
63.65
56.17
68.20
61.15
64.94
59.95
60.28
61.12
57.25
54.71
47.96
57.36
51.88
54.00
50.79
59.96
45.47
44.48
47.75
44.83
47.84
45.37
33.45
33.51
51.19
57.46
51.86
46.14
53.53
65.65
59.59
59.50
56.73
58.89
61.84
57.25
59.12
64.37
70.81
65.06
69.02
64.24
59.39
69.60
70.44
64.48
58.24
66.92
93.75
63.77
77.32
74.32
75.92
81.08
76.69
76.62
72.70
80.56
88.56
78.14
59.51
73.25
76.46
80.26
69.30
78.61
68.23
75.50
56.10
77.36
72.59
77.71
78.60
70.95
89.26
78.60
81.76
74.82
81.19
61.68
76.49
70.49
77.82
73.78
59.00
73.91
65.75
72.49
68.11
64.32
57.59
66.76
60.06
75.05
69.35
61.65
54.12
65.24
77.16
61.31
76.35
50.46
71.41
82.58
62.23
61.96
71.45
69.46
62.30
65.88
61.94
54.67
79.68
71.97
75.70
73.48
64.96
82.27
64.31
77.48
83.60
65.81
77.18
74.11
83.10
74.07
80.06
78.03
80.34
73.20
84.72
92.77
84.30
71.85
83.71
71.94
74.29
78.40
68.55
67.89
62.66
64.78
68.77
42.50
51.48
44.16
31.71
17.07
24.85
42.67
41.34
19.83
18.13
21.44
19.98
50.32
49.60
59.26
58.34
51.56
44.93
58.54
65.61
61.57
65.15
57.40
27.14
49.40
55.73
28.42
27.74
48.95
43.28
37.27
51.83
52.78
49.78
55.91
54.02
54.41
56.14
50.22
47.19
24.97
27.42
38.32
22.86
35.98
22.73
25.42
24.84
34.43
51.07
29.35
15.82
11.91
14.49
23.93
16.70
22.72
18.64
25.09
61.41
47.19
64.23
67.27
52.99
65.05
59.03
64.17
60.67
68.67
63.79
63.96
55.12
54.84
60.51
61.28
42.92
46.03
36.65
25.23
13.06
52.98
34.85
24.14
18.89
18.20
15.18
16.92
18.55
17.34
19.30
18.04
14.94
19.24
23.77
20.55
17.22
19.18
18.92
20.77
18.86
20.76
20.10
19.27
22.55
15.79
18.63
19.82
18.55
17.42
20.23
16.00
19.72
18.45
17.14
17.48
17.40
15.01
16.36
17.03
17.02
17.69
14.79
15.02
14.03
14.75
14.78
15.08
13.74
14.96
15.32
11.10
16.95
14.73
15.04
16.27
13.76
14.05
15.17
13.90
17.03
13.87
14.79
14.62
18.49
14.86
17.25
16.90
22.00
29.01
41.91
53.28
51.01
50.84
54.90
52.97
51.23
48.03
51.72
47.23
50.06
51.29
55.24
49.69
46.13
42.45
46.41
45.41
40.97
45.44
46.38
52.96
49.29
55.09
54.06
54.28
51.77
55.00
53.04
66.97
63.49
66.26
64.45
69.87
77.55
61.97
70.06
64.32
69.78
64.63
76.15
72.88
69.86
65.78
65.67
61.66
62.28
58.22
70.38
68.88
75.19
79.26
75.99
81.30
73.56
73.91
79.38
71.32
83.83
71.61
75.93
80.36
70.70
62.91
73.13
73.28
71.80
72.75
81.05
80.37
73.20
70.41
88.39
58.79
58.42
51.29
65.41
37.17
46.59
51.27
52.28
52.45
83.50
59.70
57.44
53.30
72.59
55.75
51.05
67.85
59.08
74.83
61.62
66.35
55.79
49.59
68.21
61.47
55.48
43.72
72.44
52.75
66.10
67.02
67.78
66.46
45.70
46.00
66.68
74.64
69.17
74.78
85.55
76.01
74.93
73.10
64.24
75.86
68.82
87.91
65.10
72.49
82.59
81.80
74.20
75.03
81.09
55.94
64.13
76.57
74.93
67.35
65.32
65.44
61.73
59.05
61.27
43.01
48.38
45.84
23.09
28.30
19.85
31.04
30.10
18.70
23.47
24.40
17.20
31.91
24.31
16.84
16.01
20.02
27.98
21.98
27.01
26.05
31.41
41.71
22.33
17.27
14.82
19.30
21.70
21.82
27.14
24.95
18.69
17.80
17.38
23.95
31.17
23.79
28.59
37.90
34.20
53.31
52.44
43.23
39.77
23.02
22.83
29.59
20.27
19.02
33.90
15.83
17.60
22.29
30.73
21.40
17.54
15.13
17.22
17.84
16.73
13.87
15.97
16.54
15.43
15.79
16.58
20.41
15.53
16.02
23.14
15.65
22.83
16.76
20.71
25.18
17.98
23.03
17.96
20.48
15.89
21.43
18.55
18.62
15.61
14.22
14.03
15.80
25.29
17.99
16.75
17.02
19.46
18.48
14.82
13.67
13.11
14.89
16.23
15.78
15.07
14.61
15.94
15.53
16.19
17.45
16.93
14.08
16.44
13.03
15.01
15.73
13.86
14.00
14.31
18.35
15.50
13.35
13.85
15.84
15.43
13.29
14.03
12.71
13.62
14.38
17.69
10.40
12.82
24.46
11.92
13.83
11.77
14.22
17.20
15.04
11.77
12.18
15.25
14.52
14.44
13.56
14.72
17.07
17.27
16.04
12.90
18.12
14.64
14.08
17.33
28.30
60.01
55.46
52.98
54.48
56.67
53.16
54.72
49.62
50.72
54.38
37.31
50.38
55.45
20.99
25.51
44.47
44.13
40.08
56.81
52.28
47.90
54.63
55.58
52.20
47.68
48.06
51.96
51.82
52.04
48.41
53.18
47.92
50.00
52.49
57.28
60.02
55.20
65.36
66.45
65.24
62.72
70.05
63.34
65.07
67.07
62.70
65.79
67.71
64.81
70.83
71.71
71.13
66.39
67.14
73.23
77.93
62.47
72.77
79.03
59.70
75.89
66.54
75.61
78.72
66.63
73.16
83.99
65.33
68.08
68.85
77.33
57.17
70.32
88.94
86.69
78.74
64.94
73.92
72.17
76.34
76.23
80.66
63.35
57.14
72.01
70.27
72.26
64.00
73.02
78.85
85.58
80.21
63.34
84.13
66.56
61.83
74.31
56.20
56.84
74.70
59.95
77.18
58.35
69.02
69.25
74.22
54.50
57.30
51.90
66.93
60.82
64.18
70.58
78.26
86.21
70.83
62.03
64.55
76.61
67.90
68.60
70.52
73.53
74.98
73.14
77.05
81.29
76.11
75.11
72.88
70.75
70.14
68.61
62.35
61.22
55.63
39.43
55.62
43.01
53.15
45.80
20.39
20.46
20.81
15.93
19.60
17.07
19.31
19.70
15.71
16.45
15.93
19.93
13.77
20.24
15.29
19.60
33.47
23.44
17.38
16.09
14.15
16.74
20.61
26.88
15.86
16.81
17.25
27.34
22.53
26.58
22.85
17.76
25.20
21.97
26.47
16.23
22.80
19.17
22.21
27.16
20.34
21.29
18.65
20.84
20.08
18.14
19.05
18.89
17.09
17.36
16.41
16.86
19.54
20.31
15.56
17.49
19.06
17.12
17.84
16.22
17.52
14.70
19.82
20.18
15.23
32.41
30.48
40.27
37.62
59.62
55.48
40.60
15.64
16.16
15.03
15.87
17.52
17.72
15.42
21.96
17.43
14.94
18.51
16.11
15.49
15.66
16.52
14.60
15.48
12.87
23.53
18.73
24.59
18.40
14.18
16.48
13.54
19.47
16.09
23.49
15.31
16.04
19.86
18.15
15.41
15.79
14.89
15.28
16.00
15.14
23.32
17.30
17.88
18.33
14.52
15.13
16.10
15.14
15.50
14.53
16.18
13.81
15.09
14.11
17.20
18.07
14.12
14.44
17.24
12.36
14.24
15.86
15.90
23.70
14.71
15.24
14.00
14.34
26.39
14.75
14.46
16.11
15.89
19.49
51.44
55.72
57.26
61.05
56.01
65.14
58.33
57.96
64.70
64.63
61.99
61.76
50.84
56.73
53.87
54.35
49.31
49.45
43.01
52.14
47.82
50.47
48.85
51.55
51.84
52.54
49.97
41.04
31.87
34.33
20.93
48.50
51.19
52.33
51.33
53.41
54.47
58.81
54.02
56.62
55.78
53.06
55.08
58.47
59.69
58.28
68.21
71.09
63.69
63.67
67.35
68.14
62.82
54.10
71.30
79.85
74.37
73.40
63.84
70.61
62.35
75.52
63.78
62.48
71.80
70.19
70.14
69.28
65.38
73.70
65.17
83.14
64.41
66.28
78.17
62.07
68.96
58.25
70.11
68.67
62.30
81.47
78.01
74.97
70.16
79.21
58.14
57.53
72.56
72.78
78.95
75.71
53.33
71.61
61.75
74.33
54.64
54.00
64.32
61.96
84.94
70.59
77.65
64.64
60.42
62.04
79.45
66.10
64.93
66.65
66.75
67.16
91.15
73.75
74.37
73.72
72.63
71.91
64.31
68.78
73.78
68.48
79.91
72.21
81.83
72.54
69.01
73.00
78.36
72.23
75.59
79.66
73.41
72.68
74.81
64.75
61.86
58.85
63.46
38.59
46.41
49.21
19.86
30.82
20.27
27.58
17.31
24.60
18.01
16.35
19.92
18.94
18.21
18.26
25.33
58.19
71.32
54.55
44.94
55.89
57.27
56.52
52.05
57.84
35.70
24.28
21.20
18.98
25.75
19.09
26.14
51.85
54.29
51.21
52.56
46.37
49.71
49.30
55.44
50.96
49.75
29.46
27.21
16.92
24.68
19.19
17.27
15.29
17.28
14.18
17.17
11.14
15.04
16.10
15.87
14.63
17.80
12.93
19.04
14.15
12.67
22.54
16.96
13.55
13.07
15.82
14.26
18.56
23.38
17.04
16.18
17.32
16.98
17.29
21.77
18.67
14.58
15.96
20.50
16.91
13.93
22.96
19.57
15.31
21.78
17.62
14.26
15.15
12.67
13.18
14.30
15.88
15.46
27.83
50.86
26.36
51.09
18.14
15.50
18.02
15.60
18.31
17.45
14.88
17.77
15.48
11.95
14.28
15.26
24.98
28.32
17.68
18.36
15.85
14.58
15.04
14.63
13.16
14.97
11.80
15.32
12.38
14.45
13.63
16.39
15.89
18.32
15.13
13.36
15.87
14.47
12.41
16.96
15.56
14.78
14.73
13.90
14.63
15.03
14.97
15.58
13.95
16.10
16.12
15.17
17.16
16.60
25.96
37.13
43.99
48.81
51.25
49.68
54.69
48.84
57.42
61.59
52.44
64.23
54.59
56.86
52.80
29.58
20.88
29.91
19.97
23.82
18.73
27.00
17.26
15.33
27.46
22.91
21.87
18.50
22.28
25.52
23.89
27.30
15.83
21.23
22.48
19.89
51.84
44.70
49.57
47.31
55.01
51.64
54.96
54.09
62.78
63.52
69.06
75.12
66.56
74.89
67.04
60.90
66.22
65.36
63.92
82.57
72.29
76.62
82.35
65.64
75.35
69.40
71.03
70.44
71.06
81.31
67.58
71.55
79.77
83.37
68.55
71.95
78.61
62.08
80.92
69.66
76.16
77.75
89.97
71.97
77.89
69.75
70.55
75.58
76.77
72.65
57.61
66.57
56.04
73.96
72.51
72.02
80.61
50.62
69.71
69.21
64.48
86.53
65.57
55.80
66.51
66.00
60.21
66.46
57.09
78.08
62.43
66.50
69.04
72.06
57.35
64.58
74.58
63.19
56.08
65.29
78.80
68.50
70.86
80.54
75.09
70.54
62.88
69.44
67.86
73.56
72.95
78.91
77.50
79.90
82.46
72.94
76.38
76.04
68.32
74.03
73.47
77.96
69.92
76.39
74.09
70.20
70.14
71.52
62.96
66.09
64.48
60.37
68.57
59.00
56.93
58.34
44.21
56.79
27.30
20.24
27.00
21.82
25.04
26.30
26.33
22.46
18.14
16.19
34.70
28.77
42.94
11.79
13.55
12.98
21.91
18.97
25.33
30.65
26.35
23.00
20.88
24.89
20.47
26.76
26.53
19.28
24.24
20.01
19.88
21.57
28.47
17.52
37.58
19.62
20.00
21.20
32.71
21.84
35.23
42.68
24.48
20.80
16.03
31.44
25.16
29.26
31.39
26.13
26.64
32.07
32.79
34.18
41.43
32.77
19.86
17.54
16.85
20.10
32.47
30.36
26.02
32.06
23.58
31.18
33.34
26.30
20.64
32.40
37.91
21.45
24.60
19.27
15.63
31.14
23.80
20.67
19.96
22.96
17.81
27.11
19.02
20.27
25.96
17.31
20.13
17.42
30.55
14.81
21.39
20.26
32.01
21.45
43.81
39.30
27.82
21.89
23.46
23.02
18.83
31.90
18.60
34.14
39.14
51.61
29.06
29.00
30.42
36.11
23.68
19.57
25.19
15.80
19.94
23.52
23.92
43.30
32.45
37.21
39.21
43.16
33.60
21.53
32.05
35.94
53.21
58.02
52.42
52.00
52.12
60.40
50.20
50.74
55.57
65.60
67.03
64.37
58.70
65.35
71.10
68.52
64.02
67.36
63.09
66.90
55.87
60.50
57.12
59.60
44.18
53.41
61.87
50.17
53.36
45.43
45.79
56.46
46.43
50.96
71.85
54.30
53.80
58.65
53.26
62.77
55.50
55.27
54.90
54.90
54.90
54.90
54.90
54.90
54.90
54.90
54.90
54.90
54.90
54.90
54.90
54.90
54.90
54.90
54.90
54.90
54.90
54.90
54.90
54.90
54.90
54.90
54.90
54.90
54.90
54.90
54.90
54.90
54.90
54.90
54.90
54.90
54.90
54.90
54.90
54.90
54.90
54.90
54.90
54.90
54.90
54.90
54.90
54.90
54.90
54.90
54.90
54.90
54.90
54.90
54.90
54.90
54.90
54.90
54.90
54.90
54.90
54.90
54.90
54.90
54.90
54.90
54.90
54.90
54.90
54.90
54.90
54.90
54.90
54.90
54.90
54.90
54.90
54.90
54.90
54.90
54.90
54.90
54.90
54.90
54.90
54.90
54.90
54.90
54.90
54.90
54.90
54.90
54.90
54.90
54.90
54.90
54.90
54.90
54.90
54.90
54.90
54.90
67.00
80.23
66.92
73.71
69.25
70.35
83.28
73.39
65.78
68.60
69.53
74.13
65.09
69.38
65.18
66.02
76.15
61.21
49.33
48.16
42.02
48.40
27.09
27.37
36.53
30.07
49.53
44.74
37.34
30.27
34.71
41.66
30.46
29.48
25.46
39.40
37.91
19.39
31.48
39.42
32.64
30.85
29.47
34.34
41.84
44.26
34.73
36.62
33.75
30.95
38.32
31.41
20.44
18.28
22.11
33.65
31.32
24.98
25.40
29.22
19.19
22.79
40.65
19.07
20.86
23.26
25.76
39.42
37.74
44.21
53.63
37.14
26.72
24.06
16.87
24.59
59.62
17.03
29.04
25.09
24.11
31.18
42.21
17.67
14.74
25.27
29.06
17.46
19.68
23.92
18.75
18.49
18.92
21.67
21.31
16.30
19.08
17.97
17.98
17.79
19.32
24.17
20.73
18.59
20.22
20.27
23.47
23.25
20.64
21.44
19.05
15.98
20.53
25.88
29.26
17.95
17.06
19.03
18.47
21.20
27.61
25.03
25.59
31.24
34.35
18.60
25.20
20.72
28.59
31.74
35.26
30.88
25.41
25.90
35.56
40.18
52.99
19.32
28.94
18.82
43.51
42.21
42.30
32.35
52.47
61.76
57.68
49.68
53.63
57.93
56.99
55.58
56.45
50.85
63.43
64.27
64.19
60.27
60.25
60.35
60.60
56.17
64.39
52.31
63.49
61.72
57.99
57.55
55.24
52.11
57.63
50.89
29.94
32.37
41.01
42.33
36.72
21.02
27.81
27.11
21.55
27.37
25.27
36.81
32.10
35.13
43.59
36.99
36.42
67.03
63.66
60.15
59.06
60.79
56.03
53.96
60.79
70.95
59.77
63.05
67.14
57.49
79.72
75.21
63.17
63.93
69.12
79.17
71.86
68.98
65.72
69.49
79.00
79.47
59.55
62.60
60.78
58.23
71.55
78.34
75.51
70.73
52.22
65.17
60.84
71.65
67.35
65.30
72.90
78.45
75.87
68.94
88.43
63.03
65.92
71.29
49.84
71.27
71.67
67.57
90.78
88.63
71.89
69.06
64.53
72.36
63.77
69.17
73.00
68.37
56.07
70.00
64.50
63.56
52.97
80.16
51.73
74.50
65.10
81.88
83.19
77.46
62.93
66.86
58.20
65.81
75.52
61.11
63.49
67.41
81.64
72.69
71.82
76.00
70.59
76.96
69.71
77.52
71.76
74.85
76.32
71.60
75.61
81.48
80.63
73.85
71.61
69.97
68.27
65.94
61.05
66.78
64.26
51.53
53.45
51.15
42.81
50.57
26.72
37.74
16.26
15.41
17.02
16.79
17.59
21.57
18.62
18.20
15.27
16.44
21.21
17.78
16.04
16.99
46.39
43.09
52.38
52.18
51.66
44.20
39.45
17.42
16.60
22.04
20.73
54.40
43.31
51.10
59.48
57.27
32.71
27.02
22.38
27.56
18.53
31.20
29.67
36.43
27.04
24.27
26.17
25.91
22.04
30.62
36.35
21.30
26.05
24.16
22.95
26.14
19.68
17.87
21.78
18.45
29.33
37.19
18.11
16.75
25.89
28.20
16.31
38.45
56.94
57.66
68.13
63.18
62.80
62.94
46.66
64.18
67.56
26.71
34.08
16.45
19.97
24.30
32.56
27.31
23.19
18.81
18.11
18.08
19.72
16.23
19.15
16.58
21.24
15.21
19.95
17.40
17.72
23.25
17.93
17.99
16.06
17.07
15.21
14.33
16.73
16.73
15.51
16.12
15.09
15.51
21.28
26.16
18.26
13.78
19.35
16.85
17.59
16.12
13.23
14.67
14.88
12.64
11.90
27.06
18.77
15.77
12.88
12.56
15.83
15.60
13.40
15.27
13.56
12.05
12.34
15.03
14.35
14.71
14.62
14.26
14.58
15.20
15.00
13.63
15.06
17.46
15.32
16.50
16.12
17.16
24.03
51.58
54.65
54.31
57.58
68.83
65.33
65.05
68.64
60.88
64.22
59.45
60.45
59.84
58.07
58.38
56.21
43.22
35.04
49.50
26.21
17.44
17.55
16.01
24.33
19.31
37.11
47.71
56.23
56.31
55.76
62.14
66.86
64.11
66.73
64.75
59.20
66.66
70.52
60.01
71.17
73.63
72.44
73.10
71.73
68.63
74.39
60.51
59.09
65.59
66.23
72.09
69.32
77.68
67.60
78.57
71.07
60.16
70.89
55.18
68.71
71.09
70.11
56.35
59.12
68.08
73.27
59.03
81.21
68.26
67.24
65.94
65.79
53.46
74.76
70.50
68.09
62.68
59.23
60.72
65.73
61.31
70.69
86.53
62.70
65.15
65.46
71.28
74.26
68.30
55.06
76.70
55.12
67.34
55.04
69.44
52.77
61.05
57.16
57.14
53.43
48.49
65.78
68.28
74.46
63.54
76.26
68.32
60.54
75.47
62.40
68.71
63.61
72.45
78.19
77.35
83.04
64.57
77.20
73.67
66.83
78.10
80.92
75.99
73.92
77.80
71.45
80.82
88.34
78.11
77.95
72.50
59.05
66.92
58.87
70.53
52.70
42.19
57.55
26.10
42.49
37.62
23.62
29.34
25.25
24.30
29.91
19.97
23.84
20.49
17.17
24.97
26.92
30.14
21.01
18.05
25.22
29.61
16.99
30.76
21.51
26.94
30.98
16.65
26.02
25.37
44.84
46.50
25.78
20.73
31.95
47.17
48.03
26.93
28.69
26.85
34.59
23.83
22.32
27.11
22.33
37.78
48.03
40.75
34.18
27.97
18.96
35.96
21.60
19.65
17.91
16.86
16.73
18.15
27.97
22.07
19.43
17.12
13.24
15.89
14.90
14.63
23.97
16.84
21.23
18.09
18.82
25.81
23.14
18.27
20.06
26.19
44.67
47.93
46.32
17.31
19.28
16.16
19.32
17.28
20.59
17.58
17.53
15.49
19.01
13.47
15.65
17.83
13.93
16.79
19.90
19.21
17.98
22.03
17.48
19.19
16.77
17.32
17.18
15.78
17.27
16.96
13.38
16.14
15.49
18.40
15.35
15.54
15.92
16.10
14.54
13.40
17.14
14.82
10.99
11.00
11.39
16.18
16.89
13.76
15.56
15.97
13.64
13.75
15.57
15.96
13.24
13.94
15.72
14.70
14.03
14.69
15.58
13.97
13.80
14.01
17.02
16.34
12.80
15.94
16.61
15.30
15.78
18.88
16.13
16.33
14.92
15.09
18.81
20.76
52.85
49.34
48.78
56.77
53.49
64.08
66.24
56.09
53.86
48.40
51.38
37.10
25.76
21.79
26.66
45.37
24.08
30.92
35.60
23.52
38.91
25.02
45.51
52.45
50.15
56.87
44.88
50.80
52.40
48.90
47.42
44.89
47.84
47.89
58.19
53.59
62.38
70.41
55.09
60.42
66.89
70.69
61.65
66.70
69.58
69.56
78.73
72.51
75.33
76.69
79.88
66.38
75.90
74.08
76.48
80.74
68.94
70.30
73.71
62.19
66.68
74.74
85.05
77.84
71.54
82.22
55.10
79.73
77.34
94.41
77.83
78.30
70.99
72.14
77.58
67.90
65.45
73.59
61.75
49.26
78.78
79.57
71.06
96.66
69.00
84.75
67.47
61.75
57.61
70.03
62.85
59.36
80.47
74.04
73.61
82.49
72.80
57.74
66.49
67.14
63.60
87.02
64.00
76.33
59.43
90.43
69.80
70.05
82.08
69.67
56.72
64.63
80.89
76.88
64.92
65.64
70.63
56.36
76.17
76.23
78.56
70.84
71.60
81.09
72.04
71.20
73.06
73.32
80.05
82.20
75.09
67.77
67.10
66.94
64.22
61.48
53.60
53.07
29.37
35.01
20.60
16.49
20.12
15.32
15.47
15.59
15.11
21.97
16.12
18.74
15.61
20.36
23.46
38.22
46.89
18.26
18.32
19.31
25.51
22.29
21.64
23.38
30.11
27.73
24.53
25.43
25.86
20.30
22.38
23.27
23.99
24.29
23.57
15.61
19.43
18.48
22.57
28.37
28.92
19.49
17.21
18.09
22.64
21.29
25.16
21.00
18.08
16.94
19.99
18.58
17.11
16.77
15.41
15.82
18.37
17.04
16.12
18.97
16.58
21.55
17.33
15.83
19.74
17.96
19.54
21.96
18.95
18.41
18.79
28.86
23.18
21.87
21.47
32.71
21.51
25.17
16.69
20.36
17.40
18.34
17.65
19.68
22.65
17.64
15.92
17.68
16.65
17.55
16.81
29.44
17.42
22.89
17.16
19.13
32.34
19.03
17.42
16.61
16.87
17.95
15.14
20.28
16.05
15.58
15.90
14.31
16.62
14.82
18.14
21.17
17.67
15.73
15.91
18.66
15.46
18.01
17.08
18.00
16.93
15.48
14.95
15.81
13.15
13.06
13.81
15.04
16.28
15.09
15.61
12.45
15.26
11.72
14.36
14.00
14.79
17.84
13.48
15.29
16.33
15.07
15.58
14.89
14.26
16.37
15.32
12.81
15.06
15.59
15.25
19.28
28.79
22.83
48.60
49.42
49.66
55.04
48.35
41.52
48.90
55.09
50.05
48.66
43.92
49.38
39.34
41.59
47.17
43.65
43.62
43.16
51.75
50.53
45.74
51.09
54.38
55.32
49.23
38.50
53.16
53.32
58.48
63.70
64.28
62.46
63.77
69.40
73.61
69.50
64.22
75.02
76.88
71.80
63.93
60.60
65.48
67.61
68.12
74.29
71.65
74.86
78.37
76.96
70.72
66.61
61.86
68.24
68.34
81.42
76.59
72.47
77.73
68.07
69.50
69.94
89.65
71.65
72.84
69.56
74.46
56.63
71.35
81.51
66.10
69.11
61.25
80.43
65.09
82.44
76.11
69.55
74.00
66.58
74.83
61.13
59.80
60.27
61.57
60.17
48.29
54.30
47.60
61.50
50.68
61.82
67.11
54.22
67.06
60.45
46.60
33.86
67.09
55.87
65.55
51.23
65.72
55.58
61.97
71.63
60.65
51.24
59.46
61.46
67.00
65.30
63.30
66.07
61.70
74.38
76.56
69.41
80.52
67.73
59.04
67.93
59.50
72.02
76.11
76.20
72.15
65.59
64.83
67.52
63.04
58.99
60.56
56.35
52.05
45.11
45.21
18.18
20.53
17.26
21.32
18.48
23.51
16.61
25.49
22.75
16.66
16.20
19.02
18.29
18.34
14.71
17.55
16.78
17.01
17.53
20.28
16.29
15.17
15.60
26.21
26.19
28.60
18.77
24.66
15.55
20.32
17.73
55.52
37.09
17.51
23.46
19.10
16.30
16.86
16.22
20.29
15.73
16.74
17.56
15.77
20.11
15.16
15.14
18.23
16.62
15.13
16.35
15.85
18.94
19.07
55.64
49.78
24.50
18.20
40.89
22.20
18.81
22.40
29.77
29.64
30.46
26.81
27.22
35.69
56.81
53.74
54.56
36.55
50.38
35.69
19.31
20.73
23.80
25.43
19.64
17.05
18.51
18.12
18.96
17.34
18.20
17.02
16.24
15.41
16.69
16.35
13.39
15.96
15.81
18.56
16.61
16.18
17.31
15.24
16.25
17.44
17.24
14.04
13.31
14.55
17.41
16.60
15.31
14.85
15.02
13.51
15.69
15.79
16.08
15.14
15.14
15.00
16.59
16.59
15.00
14.74
14.74
14.74
14.74
14.74
12.00
10.98
10.98
13.00
16.65
16.65
16.65
15.00
14.46
16.00
17.89
17.89
17.89
15.00
13.80
15.00
17.73
17.73
17.73
17.00
16.57
31.00
47.01
47.01
47.01
57.00
67.07
67.07
61.00
56.79
56.79
56.79
56.79
56.79
45.00
34.30
34.30
42.00
51.47
51.47
36.00
22.03
32.00
43.48
43.48
43.48
45.00
47.48
49.00
52.19
52.19
52.19
53.00
53.88
58.00
63.08
63.08
63.08
70.00
76.96
82.00
87.24
87.24
87.24
71.00
55.22
65.00
75.79
75.79
75.79
72.00
68.87
72.00
75.22
75.22
75.22
68.00
61.00
61.00
62.60
62.60
62.60
59.00
57.38
57.38
61.00
64.87
64.87
70.00
76.21
76.21
72.00
69.13
69.13
64.00
59.11
59.11
57.00
55.72
59.00
62.62
62.62
62.62
67.00
72.86
75.00
79.11
79.11
79.11
70.00
62.31
60.00
57.71
57.71
57.71
57.00
57.81
55.00
52.24
52.24
52.24
57.00
63.75
68.00
73.50
73.50
73.50
66.00
59.92
60.00
61.59
61.59
61.59
64.00
67.17
67.17
71.00
75.41
75.41
72.00
68.59
68.59
74.00
79.54
79.54
75.00
70.64
70.64
73.00
77.02
72.00
68.31
68.31
68.31
70.00
72.64
64.00
56.18
51.17
56.68
45.69
53.50
31.89
49.58
19.75
18.65
55.47
31.80
37.84
21.96
22.14
17.54
19.75
21.90
18.56
15.69
20.75
27.81
22.32
20.56
19.93
17.42
17.44
18.82
18.25
60.45
54.57
55.95
46.31
47.33
28.10
17.00
20.21
24.52
23.07
25.07
20.32
26.83
25.88
26.74
28.90
23.10
19.36
18.14
17.72
18.93
21.69
17.20
17.80
24.79
29.93
41.56
22.96
24.64
16.75
16.67
20.80
14.42
18.73
15.84
17.82
19.03
21.42
18.75
18.93
17.90
24.83
26.74
17.68
19.92
19.87
20.33
27.50
18.35
21.01
22.93
22.84
32.75
18.71
15.44
17.82
17.50
19.40
22.54
21.14
47.98
47.66
34.57
26.87
28.24
19.18
17.61
16.89
18.92
16.97
17.22
16.87
16.52
24.56
15.35
15.78
22.06
17.95
16.39
15.67
17.19
16.74
18.73
16.77
17.69
15.10
19.20
18.16
15.91
16.00
16.81
15.58
19.17
15.58
13.85
15.97
13.18
14.93
13.20
14.48
14.68
13.61
16.46
19.82
15.40
16.08
13.50
15.02
15.84
16.77
16.87
17.48
13.60
14.46
13.96
16.34
16.32
16.28
13.88
16.31
22.15
16.89
16.71
24.27
23.27
50.08
52.16
53.45
51.59
54.89
58.05
51.08
65.81
63.71
52.27
56.89
50.42
46.45
48.96
36.80
24.79
24.94
19.56
28.50
28.75
28.39
32.68
40.72
19.37
20.95
30.17
27.38
22.65
25.49
33.11
30.90
18.80
39.44
38.32
18.47
27.95
41.11
49.77
50.73
51.57
54.65
54.29
52.06
55.17
65.58
72.83
62.42
68.59
62.21
67.55
62.80
58.44
68.50
63.76
61.04
65.39
67.12
80.37
69.76
71.98
71.98
68.80
74.29
72.83
65.98
63.46
70.77
68.73
74.54
68.96
55.52
79.67
78.76
77.55
72.49
65.50
76.41
68.65
72.42
74.90
59.26
78.09
67.71
77.07
72.16
73.00
64.20
67.76
77.07
69.58
69.17
51.84
69.05
68.02
62.56
71.14
65.00
81.82
62.90
77.53
84.30
74.70
71.08
71.39
54.02
56.05
68.35
66.18
69.61
71.44
79.41
61.10
73.16
75.52
81.33
72.20
73.70
78.64
72.31
77.43
68.54
71.81
75.42
73.85
77.46
78.18
80.44
70.08
71.05
82.88
68.86
67.93
74.84
69.13
71.47
68.08
66.46
66.93
64.45
69.45
68.67
54.68
62.27
62.26
56.31
61.06
60.19
68.71
58.15
30.81
39.86
46.09
52.95
32.51
25.68
16.38
17.86
18.40
21.25
26.07
22.70
15.74
21.60
24.89
20.70
21.23
26.67
23.55
36.71
23.49
22.72
25.50
17.06
22.09
28.88
19.61
22.78
18.25
19.03
22.39
44.03
43.74
49.85
52.29
36.88
39.30
38.61
38.45
42.13
44.47
39.01
44.42
22.62
21.52
17.24
26.64
13.80
14.23
17.81
21.62
16.38
24.04
16.59
16.31
26.54
23.49
50.57
53.22
43.24
29.18
26.00
24.37
16.57
33.53
48.89
52.44
16.69
15.31
15.65
18.39
27.66
16.40
17.74
16.71
17.89
21.99
14.00
20.90
19.36
16.43
19.38
19.52
29.98
12.10
18.84
23.46
18.07
19.06
51.04
48.87
50.50
55.91
52.52
46.64
40.82
51.89
41.00
30.93
33.78
19.34
17.60
26.64
16.75
17.32
31.87
18.31
18.82
15.56
21.04
16.85
16.46
19.01
16.97
16.07
18.83
18.85
16.80
19.30
21.27
15.33
21.98
27.71
23.70
27.55
20.43
15.50
14.92
27.25
32.14
42.68
58.76
53.44
55.48
55.16
57.88
66.88
62.22
64.10
60.78
67.07
61.31
68.72
61.47
62.37
61.33
57.12
61.88
60.16
55.37
46.70
62.20
48.01
51.64
49.70
58.48
55.96
46.29
55.29
62.34
57.48
45.62
55.51
51.74
48.48
52.36
50.97
56.85
49.10
21.60
45.60
58.52
62.12
57.13
51.13
63.34
57.47
58.03
57.63
60.51
60.40
63.62
70.91
66.98
63.38
65.95
58.14
71.84
64.29
74.38
67.76
75.34
69.85
73.39
82.90
66.68
76.58
65.25
71.67
64.65
81.64
71.21
71.30
78.37
79.64
69.49
72.31
65.58
77.77
64.22
65.99
72.21
78.02
68.39
53.34
62.02
76.47
82.31
82.23
72.31
67.69
61.32
62.40
67.07
81.14
82.58
73.55
81.88
61.23
73.73
73.98
67.14
69.29
75.14
58.99
33.20
60.33
60.00
55.16
71.05
63.06
57.27
69.29
82.22
73.70
70.23
61.87
63.45
59.31
54.70
60.60
63.54
78.53
71.80
75.27
69.34
89.70
72.90
70.34
82.44
68.05
81.69
69.92
66.49
80.79
70.05
69.16
80.95
74.63
80.09
68.56
75.09
73.01
80.58
75.03
63.88
67.90
77.70
73.87
75.02
71.93
66.39
68.27
64.77
63.03
73.25
63.93
68.06
59.27
64.12
58.09
62.05
56.40
46.67
47.72
52.81
51.34
45.57
51.33
52.69
42.81
28.01
28.40
37.81
38.89
41.05
39.49
37.92
43.40
56.49
36.03
41.46
28.08
43.66
31.45
19.51
31.36
28.71
31.86
20.07
26.50
22.88
23.14
26.51
22.61
30.77
27.62
30.74
20.29
33.47
36.52
23.33
36.57
31.19
25.89
26.78
39.34
30.24
34.66
31.20
27.04
31.45
39.74
50.63
68.63
46.10
48.03
57.80
62.09
48.51
62.90
21.17
44.10
51.11
52.45
35.77
47.57
51.46
30.40
36.89
30.23
21.90
16.74
18.22
16.34
18.63
17.52
16.37
23.82
18.16
21.23
30.55
20.90
18.95
18.84
23.79
18.19
19.87
18.89
14.87
18.97
18.89
17.23
18.05
21.80
15.99
19.44
16.56
15.96
18.03
22.63
16.48
24.16
18.55
14.16
18.98
16.90
18.51
24.35
17.27
25.70
19.85
14.03
17.87
14.95
14.47
19.64
19.12
20.60
21.25
15.52
21.85
18.07
24.89
19.94
25.69
38.21
55.41
47.62
61.20
52.64
59.46
54.12
69.20
69.33
59.69
59.77
65.13
65.16
69.95
57.69
59.10
61.07
57.12
46.41
50.64
52.39
50.32
51.74
52.49
53.95
44.50
40.08
54.30
47.16
33.63
20.86
22.58
25.32
23.00
24.16
27.25
36.21
32.65
36.64
45.39
62.04
53.99
54.69
47.95
58.22
64.53
64.20
63.92
64.67
61.22
65.47
61.93
67.46
71.23
66.70
75.75
69.75
62.41
78.68
63.82
65.19
80.58
68.89
63.52
73.25
81.44
80.88
69.73
71.46
63.40
64.49
71.37
67.92
69.46
70.32
79.60
74.12
69.94
61.72
54.18
63.37
58.19
55.42
66.25
67.22
60.80
56.65
67.20
70.67
68.90
65.38
59.55
70.16
65.06
79.15
55.72
69.24
72.79
65.02
70.50
69.36
67.06
67.70
73.53
75.62
59.38
61.45
60.15
57.41
63.70
70.51
78.36
68.57
83.73
70.81
72.76
49.38
67.12
52.37
63.67
63.04
73.53
68.73
65.68
70.59
74.62
63.02
71.20
68.37
83.93
67.41
69.64
61.41
66.61
78.41
85.80
71.00
77.78
79.89
80.49
74.77
75.07
71.56
69.64
55.26
60.28
59.87
51.12
50.11
21.35
20.02
24.84
24.14
21.28
18.80
12.73
18.10
22.18
19.75
26.68
18.45
24.36
20.40
20.56
21.45
27.59
32.28
27.20
14.74
14.98
21.16
22.41
48.95
40.10
20.47
39.05
26.17
29.02
26.63
25.49
28.84
36.62
28.85
24.59
39.61
43.06
33.13
32.72
18.23
27.33
23.88
16.91
17.75
21.10
17.43
20.47
15.68
27.46
32.82
19.05
16.76
17.38
18.53
22.53
19.18
16.95
19.65
22.61
18.05
18.19
21.72
16.36
13.09
21.70
16.49
19.44
19.26
24.58
44.73
36.68
30.69
38.80
55.00
47.90
39.08
39.36
19.67
20.22
19.89
17.07
26.96
39.01
19.64
19.41
18.79
21.80
16.34
20.55
14.47
14.78
16.01
17.73
18.20
17.60
20.06
18.72
27.13
15.53
16.05
16.45
20.00
14.62
14.49
18.26
18.07
13.64
15.44
15.27
24.47
18.00
20.96
26.36
14.34
14.59
15.83
12.88
12.68
12.79
15.09
24.08
13.53
11.60
12.65
19.49
14.62
15.32
15.01
13.58
15.41
13.38
14.62
13.52
13.02
13.49
14.18
15.97
16.08
10.92
13.64
15.99
15.41
12.31
16.05
13.61
14.63
22.24
18.59
40.21
57.52
50.53
55.66
58.04
56.65
54.88
66.74
77.39
72.17
65.47
71.75
58.06
67.18
54.08
55.92
52.83
57.45
46.47
24.44
54.52
54.54
54.15
54.94
56.33
48.60
54.19
54.73
51.62
48.67
52.58
61.38
72.83
58.81
56.73
64.97
61.91
63.90
65.20
70.30
69.62
67.31
68.28
60.82
74.03
82.41
76.50
76.64
73.38
60.75
65.75
79.47
78.20
75.34
70.70
65.53
82.83
73.74
62.95
62.77
59.10
69.65
60.77
73.69
68.53
61.36
67.01
57.52
62.99
58.40
58.68
61.45
75.62
68.73
63.28
64.34
92.28
63.41
76.18
53.53
58.86
69.07
63.76
60.75
64.49
66.28
59.82
74.50
52.94
52.35
58.65
53.75
63.97
51.55
53.69
67.17
76.84
59.56
62.38
54.84
57.57
60.57
70.78
54.51
60.63
66.46
64.78
54.93
50.13
71.47
74.12
70.10
68.06
64.51
82.49
74.37
75.61
75.41
68.04
65.00
74.24
61.71
70.51
71.97
74.17
72.05
76.94
75.05
74.50
76.97
81.54
73.08
75.42
74.53
70.22
70.59
67.53
59.12
59.64
54.65
60.16
44.73
54.26
46.20
26.85
34.02
17.86
26.90
24.30
19.52
24.34
26.41
23.77
25.33
24.99
32.26
57.20
57.48
53.85
51.34
31.91
43.74
41.34
37.75
31.39
29.00
27.78
27.58
17.77
23.14
26.99
27.27
29.94
28.52
23.50
24.56
22.04
26.95
26.19
26.07
18.81
19.37
15.94
17.38
17.33
13.50
25.62
15.33
16.80
19.27
24.75
17.00
19.41
18.83
12.78
11.69
13.49
15.47
15.00
15.11
16.55
13.58
17.39
17.38
16.60
14.58
16.72
17.10
17.27
31.51
25.50
26.16
15.12
35.56
37.99
17.11
34.29
20.61
20.09
17.00
15.84
21.87
20.37
14.64
15.78
16.07
15.79
28.46
24.08
22.76
15.76
16.09
14.26
18.00
22.96
16.76
15.80
15.98
14.46
15.86
20.12
15.27
15.17
16.10
15.04
15.09
15.35
14.98
18.53
15.06
17.52
13.98
13.33
14.74
16.88
14.84
11.84
14.47
13.96
11.98
14.04
14.23
12.43
15.34
15.43
15.75
13.53
16.00
20.35
10.67
14.92
13.96
14.66
12.50
13.92
14.96
14.61
15.07
14.38
13.39
14.21
16.14
14.33
16.26
13.97
14.32
13.02
16.51
27.88
47.73
60.34
64.08
73.09
70.35
59.60
59.40
73.68
67.42
55.63
55.98
62.39
57.08
64.46
59.26
55.05
39.54
29.42
19.55
53.04
42.63
26.79
26.14
17.80
18.07
17.59
26.48
31.64
20.26
16.86
17.53
18.21
22.44
21.04
51.78
57.35
57.57
68.54
71.10
71.92
69.25
65.78
62.53
72.91
72.27
76.01
61.49
67.42
65.52
72.17
77.23
65.13
69.02
73.59
78.55
67.76
69.67
70.82
64.33
68.47
61.34
80.21
78.76
70.19
69.00
78.86
59.56
57.15
62.36
79.72
63.01
71.89
54.61
62.59
53.79
63.79
77.39
56.23
61.95
63.01
57.47
64.13
53.39
63.00
72.75
58.39
65.22
54.92
63.93
67.28
68.52
64.70
55.83
69.39
65.43
60.71
47.78
49.97
52.16
71.43
56.16
63.73
55.73
68.20
68.64
65.47
59.56
71.38
62.15
57.18
62.64
61.47
77.16
66.34
62.79
77.46
71.20
79.31
79.42
85.66
61.95
65.35
76.28
62.76
72.88
78.88
70.11
68.83
76.57
73.40
74.90
72.83
72.76
73.45
64.74
70.63
64.68
63.60
56.78
52.75
47.55
28.60
31.93
50.03
29.05
39.67
36.42
20.09
24.84
16.80
22.30
20.80
23.38
25.81
43.81
31.09
30.64
33.46
31.71
20.48
18.39
23.75
34.80
20.84
37.32
27.62
19.77
17.98
18.37
30.64
22.57
18.88
26.07
19.20
20.42
17.73
17.50
22.75
30.45
19.94
37.93
31.17
17.30
23.01
19.31
22.55
18.74
18.51
18.20
18.07
22.64
22.58
17.38
16.53
18.00
19.82
16.82
16.91
20.11
18.63
46.25
50.66
51.70
35.79
24.92
23.93
20.58
34.11
25.57
23.05
28.35
21.80
23.61
19.40
29.52
18.73
22.69
18.57
19.27
28.61
13.82
16.86
16.36
18.95
19.40
16.64
18.96
20.77
17.41
16.57
15.95
21.79
18.73
17.95
14.87
19.78
17.11
24.47
19.29
18.15
16.30
17.63
16.46
13.98
22.09
17.38
18.45
16.58
17.00
16.93
15.74
15.21
20.59
12.16
18.35
15.75
15.60
17.27
15.50
14.29
15.00
15.92
17.62
14.80
16.41
15.99
11.97
16.49
15.72
14.72
13.41
13.13
16.09
13.72
13.42
14.63
15.76
14.88
14.70
16.31
16.00
14.48
17.77
14.18
13.57
16.31
16.52
18.21
18.80
47.41
54.68
54.13
55.35
53.59
48.79
52.03
65.42
52.18
58.58
58.34
61.19
48.62
56.09
48.52
47.25
50.38
52.00
54.12
46.03
45.06
56.46
51.64
51.61
50.65
31.56
48.02
42.45
44.89
50.61
50.14
49.49
49.81
51.49
52.66
52.02
51.04
60.23
63.28
65.11
71.38
65.76
53.68
64.77
67.44
69.54
62.36
68.72
70.23
58.85
65.10
66.37
67.26
64.31
66.56
73.17
69.74
71.99
71.20
69.22
61.37
67.36
68.79
69.44
71.78
69.43
66.48
73.19
61.31
67.08
81.75
61.25
64.77
78.88
79.44
80.06
60.45
55.77
75.29
74.60
72.35
65.75
78.57
62.06
77.24
48.88
62.95
76.65
58.05
68.44
64.69
53.91
66.71
57.69
69.28
62.24
67.94
70.21
55.49
63.16
66.48
67.28
58.91
55.41
71.19
70.16
67.92
62.65
70.30
75.00
62.82
79.98
81.40
84.65
66.48
77.26
63.33
65.90
70.52
65.12
70.66
61.97
60.25
67.54
73.75
77.43
73.93
77.13
78.29
79.18
70.77
69.56
63.65
69.21
42.43
66.92
49.19
45.27
58.89
53.97
32.64
42.66
42.70
49.17
33.93
17.83
28.94
22.23
18.27
15.95
14.32
16.96
17.19
52.25
48.27
39.22
25.87
38.74
31.68
44.45
70.24
43.06
52.16
30.32
33.70
24.79
35.04
26.25
22.55
21.25
19.13
22.78
16.48
14.19
21.02
19.43
17.00
21.25
26.46
14.94
18.36
19.95
18.64
16.73
23.66
22.50
23.52
16.19
18.78
16.56
25.93
15.49
21.98
17.76
21.05
19.00
18.08
17.87
19.99
16.72
17.83
19.24
20.91
29.52
23.16
24.53
27.20
28.17
44.82
41.19
61.97
58.62
53.48
51.11
38.19
26.30
29.43
21.45
18.84
20.64
20.82
21.00
22.12
17.04
15.88
18.39
18.43
15.01
20.59
53.42
53.78
59.38
24.68
33.17
18.27
16.12
33.45
18.00
16.73
18.68
15.67
15.01
15.96
17.09
15.79
13.42
16.06
18.36
34.01
19.07
14.67
14.91
15.42
17.63
15.20
27.93
36.48
29.99
42.43
36.90
31.36
33.47
27.33
26.04
55.74
33.97
38.68
20.49
28.22
29.38
53.22
67.77
96.81
63.38
52.22
84.27
54.20
89.81
73.43
79.70
86.34
64.33
59.75
71.58
77.87
94.44
83.37
77.60
67.74
70.73
78.87
80.10
109.19
74.08
68.35
48.00
72.77
99.32
54.99
71.61
55.89
68.67
93.09
57.93
54.41
46.62
54.53
90.37
60.73
82.80
85.26
66.08
63.28
78.29
59.23
45.64
47.41
63.99
48.73
55.28
57.55
56.56
51.15
58.44
54.03
49.14
53.40
48.99
51.58
50.14
53.54
55.61
57.87
66.45
64.48
84.57
69.77
68.50
60.56
69.20
72.41
77.00
70.90
69.57
79.45
72.71
73.16
71.70
63.73
69.63
73.85
68.50
63.90
66.10
64.31
75.20
70.54
48.36
63.35
76.05
66.62
73.89
82.07
86.95
70.25
64.03
53.41
68.61
72.28
69.04
61.46
60.33
55.33
58.18
74.40
72.67
63.70
55.04
61.66
75.47
70.49
66.55
57.27
50.74
59.44
52.59
51.90
62.34
82.56
79.16
64.63
79.93
61.80
62.89
62.76
81.79
77.55
77.92
57.72
71.67
72.00
58.64
65.02
60.97
74.52
63.90
81.11
55.00
76.32
69.25
80.47
81.67
80.67
64.00
73.38
72.98
78.12
84.69
67.72
78.47
69.93
62.66
67.05
56.50
62.81
54.92
49.72
51.81
52.09
54.10
51.52
51.78
45.73
28.56
30.81
32.23
39.28
21.06
21.58
16.21
25.61
38.90
25.52
28.41
20.91
26.84
23.64
18.18
23.50
17.77
41.29
47.60
19.04
14.48
19.24
19.62
21.85
18.91
15.41
24.02
18.76
18.97
16.94
24.67
22.39
15.09
36.83
19.60
16.19
17.69
16.87
16.87
16.72
16.81
27.78
21.50
24.96
18.08
16.03
15.09
19.41
16.51
15.17
20.68
22.50
25.04
14.87
15.52
18.05
26.00
23.69
27.16
32.44
35.42
28.53
33.14
45.42
52.18
55.90
49.82
38.34
43.57
17.94
24.63
26.41
30.50
20.11
19.49
26.87
18.54
15.33
21.42
18.45
31.83
18.81
16.27
24.62
18.52
25.26
19.32
17.99
19.39
24.62
22.47
18.53
22.02
22.09
18.22
17.85
17.63
25.74
19.06
17.83
15.90
19.42
15.53
22.05
15.92
16.90
15.24
15.85
14.92
18.98
17.08
18.87
16.97
15.80
16.42
17.21
17.45
16.40
17.89
16.14
12.48
15.38
12.24
15.13
14.04
16.22
16.86
13.48
14.63
15.84
15.23
15.69
13.09
16.40
15.23
19.80
17.17
21.88
20.11
36.69
48.98
51.83
57.81
72.08
76.44
55.94
55.14
64.54
60.56
74.20
58.90
55.07
60.96
53.07
53.66
54.07
30.42
20.03
26.34
20.26
28.25
31.91
24.74
25.32
34.95
25.68
20.40
17.74
25.16
23.11
21.79
21.06
18.96
17.76
24.17
32.63
20.35
29.28
36.41
48.47
51.95
52.06
54.60
54.07
55.82
63.29
59.71
67.33
74.89
59.97
70.43
70.56
64.64
69.76
73.90
60.33
57.95
74.35
68.80
76.75
64.37
74.93
71.83
75.77
75.93
74.82
71.16
64.52
52.32
62.62
58.04
55.65
59.50
63.33
47.84
62.33
66.19
64.50
68.84
69.48
81.48
65.88
61.38
65.12
64.52
63.86
82.18
75.18
74.36
74.17
68.40
81.65
69.12
79.01
83.90
70.70
72.68
67.34
67.09
68.58
62.49
69.75
67.48
70.09
66.48
71.74
72.13
81.73
65.14
77.87
71.23
53.26
60.85
69.93
61.16
65.36
64.75
74.38
65.61
72.58
64.63
70.26
65.71
75.37
75.26
72.61
77.06
73.55
77.75
73.84
79.21
63.07
69.89
70.95
69.16
67.07
72.84
66.26
73.91
72.58
65.90
66.26
72.90
72.62
65.96
63.19
58.64
47.47
52.81
19.99
28.39
49.65
33.35
31.19
21.37
31.23
19.87
25.51
16.99
26.82
19.73
21.09
24.18
32.97
17.01
20.40
21.77
16.42
21.62
17.56
20.91
31.88
30.44
31.46
33.41
25.19
22.33
27.01
27.62
26.39
29.58
27.85
26.29
28.20
34.03
21.56
25.82
19.47
17.09
18.49
16.84
32.91
16.92
22.67
16.79
17.82
31.68
51.46
55.15
51.39
55.15
40.84
20.65
26.94
26.00
26.57
20.82
24.40
17.11
26.84
20.86
15.21
25.05
39.66
42.13
49.07
52.47
48.76
27.51
34.28
26.25
28.37
25.22
44.65
22.47
26.32
54.42
54.26
52.25
55.35
53.69
56.67
55.18
56.24
50.84
25.79
19.48
29.24
22.30
30.75
23.58
18.64
20.22
40.83
18.99
15.36
21.06
25.51
17.08
26.64
22.79
27.14
25.78
25.18
30.07
17.91
20.55
44.96
24.25
18.78
31.36
27.71
34.13
26.77
36.92
27.19
19.85
21.52
30.72
19.09
27.23
24.67
35.42
20.92
20.69
22.92
23.45
26.99
28.34
28.56
36.61
34.33
52.71
48.25
52.91
52.32
53.04
55.28
63.79
60.38
51.19
58.35
66.89
60.78
61.76
56.88
52.86
58.24
56.83
58.07
68.87
54.34
56.30
55.56
56.14
48.71
56.74
55.00
52.96
59.32
27.00
40.92
49.28
53.10
54.47
47.42
49.15
43.23
20.84
37.46
35.84
50.88
47.82
32.00
16.60
18.02
21.88
28.85
24.14
34.88
41.81
56.01
63.19
70.86
76.97
61.16
64.74
58.08
61.18
64.64
69.76
70.24
69.94
62.90
81.23
68.50
79.69
84.91
74.32
68.22
75.51
63.79
77.83
63.93
63.58
65.78
75.66
82.06
72.55
74.32
70.78
77.50
69.16
72.52
80.49
87.53
63.44
66.67
72.86
68.77
67.17
63.32
71.28
69.42
63.14
65.47
72.38
67.87
71.19
59.74
64.73
71.11
76.54
63.96
68.57
72.11
70.03
61.29
72.50
61.91
56.85
64.23
74.31
67.23
77.69
73.86
79.00
68.45
85.71
62.07
58.49
62.42
62.32
67.60
74.42
68.10
62.41
67.34
56.82
57.37
67.20
74.18
71.66
64.92
71.10
74.50
62.39
70.52
72.49
73.18
78.34
73.62
65.17
87.15
80.08
75.04
76.19
74.88
60.42
62.01
70.61
67.39
72.53
69.47
66.24
62.02
72.64
69.78
40.24
58.24
61.21
66.39
58.12
37.40
39.66
21.30
39.39
29.30
37.53
44.45
43.34
38.99
49.11
45.45
43.85
35.29
29.29
30.85
25.85
27.35
27.46
26.89
34.67
22.31
18.38
19.17
29.26
25.41
38.90
28.16
22.86
17.70
24.42
27.11
31.66
18.92
17.98
23.61
26.28
30.67
40.42
45.26
56.31
44.26
17.89
22.00
30.23
26.41
19.52
24.81
24.69
29.66
16.32
30.97
35.58
39.68
37.27
36.35
34.67
56.80
51.77
61.55
41.06
63.89
67.26
55.42
50.55
45.44
18.42
23.03
21.36
28.98
20.73
25.87
22.77
21.16
21.44
23.80
17.83
29.81
23.23
23.07
24.09
18.91
22.90
21.51
27.76
38.03
22.01
20.32
33.77
27.18
33.05
24.84
29.53
23.82
22.61
18.64
22.14
21.93
24.89
21.35
26.07
27.38
22.93
15.33
22.06
25.22
30.25
31.40
29.91
34.88
27.82
16.45
23.43
34.92
22.56
17.90
23.61
23.78
30.83
27.64
35.22
32.86
35.31
39.94
50.27
35.02
55.27
43.73
53.50
53.17
53.90
59.96
57.00
65.12
69.98
60.85
61.39
59.79
63.51
61.43
65.49
63.03
61.40
58.12
61.80
47.95
56.88
52.98
57.99
55.32
58.49
41.36
34.40
43.31
29.17
20.89
43.19
28.98
25.53
22.84
29.03
27.07
22.45
22.89
29.90
52.36
50.02
36.30
29.83
45.03
36.87
52.65
63.98
62.05
60.77
59.20
60.77
61.49
64.72
62.70
67.78
72.28
70.99
64.77
73.92
64.18
69.87
60.91
57.73
73.01
66.15
69.43
78.43
71.34
69.61
80.63
65.55
71.25
61.50
54.98
70.18
46.56
64.36
64.42
68.17
63.00
65.84
54.48
61.18
59.41
47.53
53.07
53.71
63.44
71.01
62.98
56.99
74.09
63.98
57.46
62.68
50.60
52.15
69.67
52.59
54.58
57.87
52.85
53.19
48.37
54.69
51.98
63.18
49.62
66.11
70.42
54.40
65.82
54.27
72.48
55.09
60.57
73.32
58.38
56.33
65.19
54.19
49.73
55.29
77.23
60.41
70.84
84.09
74.43
76.66
65.79
70.31
76.54
80.02
70.76
73.60
77.03
78.52
79.69
72.29
70.64
70.77
69.39
64.94
66.81
70.97
49.69
58.41
43.83
58.14
47.95
36.47
33.70
30.69
19.36
33.27
25.13
27.17
36.17
19.48
22.46
18.75
15.77
13.74
12.86
12.69
16.69
23.86
24.62
27.29
52.70
44.77
52.97
39.18
32.57
24.26
37.36
16.69
28.74
35.79
32.33
21.67
32.27
21.70
12.46
13.01
12.53
18.73
22.68
22.47
30.14
19.21
17.98
16.59
24.75
17.19
16.65
21.96
16.05
15.66
17.60
22.29
17.57
17.93
17.38
17.10
15.93
15.44
16.22
17.41
16.45
21.34
24.00
28.02
28.28
19.96
26.09
13.79
24.00
31.06
64.65
55.71
42.78
48.51
50.63
61.52
38.07
25.21
20.14
17.49
17.20
18.14
19.76
17.22
16.93
17.93
22.55
18.14
17.47
21.14
18.00
14.80
16.53
16.82
16.66
17.54
16.94
17.61
16.85
18.00
20.20
18.30
16.36
15.81
20.52
15.66
25.44
15.53
17.63
17.09
17.75
16.42
14.88
16.64
16.34
16.86
17.34
17.00
17.96
14.18
14.93
14.17
16.58
14.93
18.18
16.57
15.05
14.49
13.50
14.96
16.61
15.14
16.85
15.79
16.50
15.83
15.93
16.32
16.44
15.79
15.12
13.41
15.77
15.18
20.47
15.49
15.13
23.26
26.97
53.17
59.36
50.71
75.09
67.89
74.22
61.67
63.43
58.07
60.81
56.44
53.32
53.68
68.70
61.90
51.53
48.94
58.26
56.36
59.05
52.84
49.65
49.79
57.49
36.49
49.95
51.60
53.84
34.85
41.27
53.98
57.67
49.10
50.00
52.16
49.14
51.73
55.69
65.75
58.87
62.85
70.90
71.05
67.44
61.54
68.32
64.84
68.82
74.19
53.74
59.62
74.28
70.77
75.08
83.53
72.50
75.69
64.09
67.80
66.61
76.37
60.78
70.35
71.44
68.41
77.64
73.00
68.23
50.86
67.85
63.20
76.91
75.21
66.93
59.29
84.59
59.67
67.17
61.85
58.33
95.33
78.36
62.95
63.68
61.18
62.38
56.67
81.40
79.96
60.99
76.22
62.08
71.51
66.23
65.47
80.21
72.34
65.65
65.11
60.72
55.81
62.42
79.32
74.79
74.35
56.25
71.63
56.04
67.92
64.11
64.85
70.07
74.44
70.38
72.89
71.20
76.34
86.12
59.35
68.74
72.87
75.92
64.56
82.05
72.22
74.92
71.20
73.09
79.73
78.40
80.84
67.00
74.53
65.62
65.05
63.22
59.18
58.73
52.01
53.12
63.82
42.61
26.83
17.27
21.13
18.57
21.19
16.87
17.70
17.22
16.92
15.10
18.86
15.45
11.92
24.94
21.06
25.36
22.09
18.46
25.64
17.19
17.61
22.25
28.90
29.25
23.17
36.27
58.20
55.94
51.46
55.97
58.84
34.05
49.80
34.18
20.79
24.56
22.67
16.94
23.57
18.94
15.82
21.54
18.13
16.56
15.93
17.58
26.67
17.34
20.22
18.56
14.88
18.58
17.08
18.16
17.78
17.24
14.96
10.18
6.15
18.56
24.52
18.36
17.74
18.17
24.92
20.21
23.88
19.08
28.70
15.13
22.88
26.40
33.21
30.25
25.19
18.89
20.59
18.78
16.34
23.44
18.96
16.02
14.98
17.55
16.74
16.98
20.84
16.17
18.82
18.63
16.21
17.20
19.77
18.12
17.63
13.21
17.14
16.59
17.78
16.24
17.43
18.34
16.89
14.37
18.42
15.20
17.93
18.75
15.29
14.40
16.70
15.86
13.43
12.78
17.45
17.35
15.70
14.80
18.57
15.98
14.14
13.05
13.45
14.94
13.07
14.49
13.32
14.96
14.72
13.55
14.91
14.29
14.70
14.28
13.76
16.52
12.93
12.58
14.77
15.62
12.85
15.16
14.21
15.07
16.90
14.23
22.60
38.15
65.40
68.16
62.63
69.29
67.78
63.89
63.61
60.74
52.77
59.62
72.11
44.56
40.57
51.92
48.91
49.85
30.54
35.48
28.94
43.51
24.71
41.19
34.82
43.25
51.30
43.89
45.77
39.71
50.22
47.21
43.05
31.80
53.52
54.75
50.36
49.75
53.61
52.98
54.55
53.02
53.99
55.56
68.72
63.46
65.79
62.80
59.50
65.07
62.16
70.58
69.82
61.47
72.37
62.08
66.24
78.49
65.12
53.24
67.84
67.48
66.72
64.67
63.64
56.46
69.58
58.02
68.05
58.49
68.15
36.58
64.15
67.16
59.89
77.85
68.05
51.45
70.83
66.36
61.43
67.40
67.86
59.91
73.09
65.61
67.28
59.57
62.26
64.40
60.47
65.44
55.00
53.73
58.00
64.46
61.66
62.90
71.25
65.42
63.75
58.72
70.68
72.59
61.81
68.49
70.41
84.79
70.76
62.10
69.08
76.34
72.37
74.58
71.37
83.00
78.30
78.00
60.80
68.56
61.02
65.52
73.64
67.14
70.03
70.55
75.32
69.40
79.02
79.60
80.89
84.48
76.98
72.06
58.49
64.82
62.89
49.97
56.42
52.40
42.14
42.50
31.07
15.81
17.42
21.01
18.08
25.73
17.67
21.52
17.99
17.48
18.68
13.79
27.19
37.55
44.61
17.04
13.38
13.27
21.45
18.20
35.16
42.08
26.23
21.05
42.05
19.13
28.93
24.83
29.57
24.80
32.10
20.24
20.00
19.77
22.87
27.86
21.62
39.41
55.41
52.28
37.60
38.62
27.56
22.59
19.57
18.81
34.33
34.91
18.63
18.07
15.38
16.55
19.83
18.67
20.02
20.28
15.00
18.45
19.39
23.80
18.37
18.18
16.21
21.42
27.11
18.76
31.31
18.89
21.61
26.32
19.95
21.96
26.19
24.75
23.28
36.63
17.40
18.39
18.45
18.22
16.59
18.84
23.86
15.90
18.66
16.17
17.32
18.85
11.27
13.71
16.29
18.20
14.33
24.41
18.29
18.07
16.04
15.54
17.62
14.94
19.67
14.84
16.35
17.64
15.47
13.65
17.76
19.25
16.31
14.38
16.07
14.04
13.73
14.75
15.42
18.27
16.66
16.94
13.51
17.51
15.18
14.90
15.62
15.97
17.73
16.23
16.10
13.62
14.02
11.97
18.09
19.22
14.46
14.39
16.45
14.66
15.16
13.04
15.97
14.59
14.82
14.71
15.71
11.91
16.09
14.80
15.87
24.03
25.07
24.95
54.27
55.72
47.42
56.85
54.76
51.45
48.31
54.53
56.92
49.01
53.72
49.35
59.93
36.50
49.43
41.22
35.42
32.96
57.40
49.64
47.42
51.89
50.57
38.70
44.82
30.00
16.72
20.32
40.00
32.81
46.00
59.51
67.71
64.15
53.87
57.10
63.99
62.17
66.06
75.50
63.33
65.48
65.64
61.48
69.69
69.60
70.55
63.25
68.72
68.91
72.51
70.01
72.19
73.97
